848 287
676 253
34 257
536 611
85 24
932 968
310 377
648 846
170 824
974 67
475 17
905 251
45 156
157 187
880 652
263 432
723 267
167 88
619 263
843 26
103 409
105 434
109 690
480 827
808 649
171 874
548 240
643 646
608 112
646 187
680 522
200 663
145 691
934 470
348 854
382 73
483 386
580 756
509 298
47 812
223 692
713 391
724 352
816 656
567 47
171 791
109 94
650 160
761 615
996 634
499 545
109 471
627 383
782 941
637 97
510 941
666 171
813 256
868 71
816 808
982 358
809 777
658 834
814 60
116 965
315 530
869 638
675 171
355 405
872 938
912 107
875 494
100 593
811 994
303 918
913 96
931 51
793 943
167 839
703 361
165 264
118 322
40 621
245 834
827 525
641 107
83 612
606 560
648 506
78 414
589 667
680 53
564 711
244 715
332 525
427 978
679 400
726 163
156 639
901 123
711 110
560 478
170 401
577 550
798 750
326 530
129 20
940 320
491 539
60 725
409 564
119 282
717 637
407 487
974 195
872 870
382 196
885 860
654 884
267 426
558 731
561 146
375 896
412 846
168 326
988 342
633 159
559 237
840 697
538 560
671 915
600 55
887 86
629 897
216 299
246 950
284 729
919 676
623 698
400 173
82 199
573 494
268 983
651 947
948 705
327 635
626 397
837 515
294 845
57 832
588 236
60 105
572 278
928 870
366 401
615 258
222 397
575 325
571 199
947 65
420 79
655 241
564 134
907 407
240 419
541 210
104 952
117 229
205 251
243 514
8 91
228 932
927 519
120 642
62 59
893 571
856 287
914 267
539 369
55 636
630 77
219 202
229 495
82 429
92 895
131 922
780 565
857 41
709 557
931 204
880 620
14 964
859 376
918 800
292 872
794 593
333 794
978 258
523 708
945 42
391 954
143 610
751 359
608 218
321 543
783 814
180 268
71 497
232 791
897 890
738 437
48 603
159 548
431 632
622 656
358 965
112 533
358 126
707 162
741 855
54 341
73 274
719 39
682 837
492 945
810 276
113 860
896 419
523 29
3 482
705 304
639 683
301 860
229 791
531 338
502 286
327 945
209 330
221 376
321 278
822 603
952 142
546 106
715 480
500 307
791 722
496 469
710 15
634 597
521 621
569 761
761 527
974 164
930 769
74 782
254 501
560 241
875 595
736 267
205 670
3 909
433 97
487 183
37 85
475 61
877 405
673 787
144 528
274 206
362 540
395 121
619 621
280 870
932 667
261 945
835 472
333 988
376 812
193 818
844 362
987 324
830 718
672 124
86 433
866 480
723 262
852 92
906 8
92 683
955 872
738 196
153 423
508 497
416 394
562 324
733 329
316 755
380 624
251 205
467 836
112 701
366 233
658 924
98 572
369 52
187 582
764 895
475 445
916 482
861 259
568 481
226 873
294 423
249 87
1000 840
49 101
364 129
926 57
374 637
633 733
659 387
14 241
500 195
333 124
752 669
523 841
9 204
520 240
128 545
821 435
894 235
909 874
546 569
129 671
658 94
730 916
925 665
20 390
658 395
448 924
873 148
656 245
413 262
164 499
36 813
526 570
86 893
7 116
261 135
575 474
422 39
848 739
974 992
969 388
469 397
272 699
548 348
120 982
911 209
862 201
291 139
321 814
487 383
638 241
253 43
454 253
815 48
768 80
184 185
131 229
905 643
487 26
285 733
874 291
112 17
201 513
975 923
595 837
471 42
959 705
581 316
234 788
963 388
140 479
522 518
258 102
117 796
612 715
617 971
555 736
262 638
953 513
703 799
415 832
146 50
717 344
294 56
335 797
989 581
31 770
521 347
557 802
582 342
359 559
993 233
621 386
359 163
995 756
688 482
563 697
543 393
631 296
177 361
985 259
501 375
604 518
313 588
516 554
142 668
665 204
593 635
440 296
804 497
863 616
169 366
277 262
647 787
645 435
869 716
680 155
252 90
546 311
369 168
564 115
435 188
829 522
343 211
818 16
122 82
482 637
977 999
417 308
203 819
316 351
796 873
593 479
723 731
432 191
641 52
234 778
904 658
774 245
863 889
555 808
363 399
51 576
737 932
964 655
308 390
386 706
889 294
176 8
529 615
116 455
719 230
869 772
647 254
25 350
999 228
654 847
757 246
459 214
368 623
742 619
581 287
993 668
191 225
991 404
201 920
910 983
589 318
907 271
74 195
207 127
807 441
217 250
513 648
345 201
732 111
398 275
588 908
208 203
656 219
394 357
387 744
677 74
348 827
690 243
480 446
618 67
680 74
149 971
469 466
111 490
39 324
849 959
425 986
651 584
436 655
670 76
636 142
162 604
831 790
895 325
311 908
608 297
420 770
83 790
357 988
80 483
916 870
857 858
170 160
219 306
843 825
925 492
275 910
645 333
631 983
689 900
136 918
232 799
169 116
15 411
896 648
212 390
627 725
128 91
696 905
84 742
190 58
591 811
407 295
167 599
844 833
710 977
301 30
742 67
713 27
807 235
364 215
446 706
39 543
853 824
864 307
279 832
555 134
896 439
640 608
518 719
926 333
849 611
973 33
569 855
655 188
81 785
186 768
540 245
57 540
445 785
987 744
848 872
550 939
688 890
652 769
299 635
56 604
827 993
935 755
120 732
987 703
395 611
6 344
216 368
682 600
635 37
588 794
412 150
900 931
839 929
907 701
663 909
707 529
165 758
884 292
777 814
47 296
511 978
545 544
247 82
426 519
509 690
883 32
441 960
700 399
429 495
487 773
40 356
224 416
641 891
874 647
457 282
623 399
738 834
85 744
94 256
957 851
308 569
309 298
528 96
620 285
109 627
936 751
777 550
270 840
952 453
727 408
440 536
922 849
301 761
35 741
827 107
354 896
835 678
172 50
948 743
612 964
413 571
310 738
657 109
891 401
956 163
45 854
500 802
84 555
827 844
881 9
736 240
380 455
832 938
9 414
830 443
568 948
1000 32
771 423
425 620
674 90
229 196
7 200
180 882
768 961
711 412
47 60
142 872
481 544
736 19
63 787
785 581
850 230
742 981
657 643
730 661
296 308
236 308
861 58
83 533
760 79
764 47
405 947
736 213
144 661
188 193
849 550
939 808
176 844
819 751
61 833
992 740
779 708
750 916
133 853
145 796
796 912
90 484
951 922
257 383
558 555
84 544
552 746
697 27
4 667
934 928
465 112
950 770
272 324
236 892
129 543
821 462
278 902
710 264
447 845
76 743
754 990
580 813
214 913
916 998
149 244
495 698
671 996
410 749
276 344
239 397
516 306
708 170
761 609
165 560
791 229
453 493
164 109
551 503
805 881
746 815
442 109
367 22
75 870
42 150
904 691
187 603
59 122
212 175
529 291
484 813
600 141
200 38
302 765
93 195
289 205
603 961
833 807
402 506
435 17
881 336
211 159
840 687
938 582
271 907
797 183
757 173
84 362
312 370
799 578
327 850
446 674
707 415
620 238
53 388
39 372
851 465
897 927
963 422
302 76
6 153
877 820
662 110
975 349
96 739
570 824
564 289
207 317
828 942
664 861
350 184
69 19
483 745
592 316
81 596
824 116
927 596
410 241
466 869
660 417
253 509
20 680
384 65
441 118
610 670
834 932
688 356
1000 275
294 842
907 816
357 926
669 955
982 854
612 812
931 139
520 680
837 107
782 887
989 558
293 160
767 517
202 155
529 251
674 62
849 68
693 357
907 333
450 216
814 221
534 484
835 184
819 234
625 410
133 176
606 849
550 7
214 28
450 703
918 816
791 82
868 827
838 671
144 681
517 598
664 256
677 816
573 313
71 544
933 136
182 281
454 768
312 308
343 611
842 614
662 43
634 919
624 635
260 497
248 554
346 76
739 632
383 210
169 733
902 117
252 8
819 274
611 306
911 788
607 843
209 66
897 314
623 622
326 721
436 726
625 401
924 35
975 207
573 117
499 772
36 379
37 164
421 227
684 307
472 871
380 702
396 21
740 24
761 872
461 73
195 191
628 193
182 799
409 967
624 529
923 427
408 775
391 965
764 12
815 1000
853 951
668 705
405 167
866 678
195 238
389 888
566 152
773 703
285 994
356 745
141 28
718 810
88 423
477 330
613 568
500 400
172 971
685 653
125 632
126 964
537 660
254 650
507 946
999 382
648 669
678 984
528 336
921 491
865 829
352 32
549 404
288 321
310 478
152 515
251 298
307 808
305 77
201 495
317 397
862 791
383 370
550 810
133 170
237 383
682 493
459 531
180 218
735 910
218 519
690 837
469 107
784 216
661 31
152 607
512 184
849 82
506 505
455 895
310 264
329 763
952 523
75 267
261 341
168 198
3 620
349 992
908 951
408 820
435 277
463 658
103 351
64 370
525 153
902 735
774 94
276 165
709 44
177 989
804 295
348 899
955 569
134 414
726 116
250 557
859 936
433 994
413 911
427 785
187 447
369 766
306 31
359 68
43 4
24 786
910 420
631 688
680 198
519 41
896 84
789 934
498 900
515 291
934 782
457 517
845 48
857 146
346 627
484 705
999 360
349 654
952 487
76 894
890 250
232 880
281 104
906 355
420 139
831 590
904 87
232 35
337 805
112 69
147 59
558 444
752 90
842 740
894 107
159 345
878 644
557 82
240 794
374 40
284 644
398 882
865 249
228 719
521 164
198 639
550 826
744 578
8 299
102 344
698 588
718 645
226 955
99 726
967 820
808 797
126 64
997 249
593 588
874 928
631 101
306 382
916 921
17 659
953 455
642 859
161 281
147 913
523 489
67 210
533 582
170 44
635 611
312 757
639 876
898 581
498 778
814 895
182 899
80 567
558 405
797 482
962 60
721 463
601 668
806 435
258 341
72 570
500 956
948 31
315 554
535 840
875 236
931 27
17 777
411 796
997 591
629 402
970 951
681 875
789 829
428 122
599 670
727 434
70 826
773 253
126 686
77 499
559 988
763 614
268 546
179 485
425 939
783 121
403 841
259 451
795 66
232 814
819 345
113 205
43 967
386 862
947 522
363 912
556 960
277 455
554 535
906 269
252 456
110 784
115 445
825 153
68 615
107 556
191 619
737 665
868 872
745 851
154 509
619 795
232 427
245 758
603 874
921 800
303 401
119 685
855 491
348 501
966 958
425 278
702 560
121 178
640 632
482 407
692 815
126 959
774 276
513 90
690 881
677 63
965 600
3 715
31 402
267 839
139 942
479 945
153 131
384 898
522 495
495 482
399 626
537 571
761 142
685 536
799 684
89 146
263 642
361 863
190 410
948 729
18 532
915 288
188 914
225 675
370 699
719 607
25 420
163 553
619 676
610 5
502 659
382 182
202 240
525 7
7 24
639 724
168 872
555 744
851 702
395 646
217 755
202 929
241 560
393 24
566 192
726 922
156 624
527 143
722 425
996 786
171 634
788 683
934 825
789 918
817 24
363 429
532 346
337 142
252 748
679 118
116 470
334 176
317 474
840 902
40 60
999 986
817 978
932 900
911 382
188 493
385 718
100 364
744 502
50 417
427 797
675 380
691 22
146 297
235 328
206 392
440 970
313 785
726 338
887 372
188 5
338 691
88 198
268 851
451 713
637 542
638 947
504 73
945 323
831 353
46 525
603 127
591 967
505 943
850 296
599 477
891 784
580 67
527 127
374 772
536 809
158 220
947 386
650 355
932 107
328 902
821 799
633 768
516 567
494 898
306 858
966 692
247 1
928 127
357 13
53 958
626 137
198 563
148 991
958 811
832 880
870 95
286 506
32 525
318 636
846 704
350 372
853 787
901 158
359 684
604 567
157 706
325 354
618 632
596 94
660 776
14 130
714 61
892 69
194 836
534 101
488 611
516 476
24 898
222 339
357 625
662 415
995 108
361 121
813 821
499 759
287 714
789 372
810 862
23 226
953 737
144 508
801 752
746 784
335 233
343 567
636 699
41 118
593 492
738 358
284 385
78 259
283 440
385 158
690 11
372 695
985 959
725 282
844 678
86 935
192 693
672 305
311 852
392 605
596 524
127 63
591 642
341 514
298 723
645 394
703 579
426 484
62 334
610 960
645 313
602 282
180 19
792 645
628 310
168 902
652 676
424 545
531 526
130 676
559 119
924 338
802 908
661 426
357 793
111 65
693 853
649 35
804 23
566 420
213 164
446 116
283 916
728 36
619 567
491 977
852 273
376 508
898 807
45 268
373 594
991 479
408 838
346 164
273 927
954 307
953 263
80 255
631 310
398 305
911 996
61 23
49 927
640 249
728 295
468 321
568 714
330 10
458 486
23 400
613 733
347 57
67 315
178 861
645 621
393 289
163 509
119 967
443 454
3 355
626 882
610 989
369 780
945 453
156 342
196 488
668 392
951 774
213 1000
421 337
204 424
295 729
789 219
263 222
395 119
396 937
615 580
760 289
130 697
966 726
168 710
93 468
380 638
584 870
29 219
452 547
945 655
769 24
665 747
558 46
634 224
265 936
927 183
57 411
780 73
44 975
173 116
789 777
468 240
996 181
37 617
983 968
187 726
42 782
749 296
461 443
917 269
218 909
480 54
876 686
505 713
406 859
815 808
690 243
701 445
888 941
183 843
750 998
830 562
543 334
333 467
222 846
791 482
726 927
689 707
307 745
641 533
928 122
614 884
286 318
464 14
190 827
799 268
817 375
307 849
924 358
829 753
57 136
508 688
630 672
897 4
474 381
283 878
944 214
923 500
12 70
326 161
158 91
793 950
187 184
691 990
64 772
125 173
318 613
555 764
532 557
348 394
881 344
727 458
505 880
212 717
413 172
937 43
341 259
630 181
224 799
455 705
254 478
131 717
477 495
961 927
447 404
605 27
442 160
562 943
315 637
385 610
305 180
554 798
773 896
323 976
923 923
878 431
782 167
277 65
46 542
460 259
776 8
138 127
877 448
415 761
709 601
142 517
358 556
589 918
130 518
219 716
683 430
155 826
421 395
183 163
221 88
712 205
158 404
870 158
379 781
728 220
456 644
881 872
118 497
987 980
405 30
965 731
569 167
813 505
939 171
45 50
108 212
104 10
673 173
309 942
492 956
579 397
30 369
669 385
620 853
853 786
746 16
415 415
219 565
948 505
475 522
858 812
463 600
244 115
198 723
832 119
263 225
571 441
476 451
665 727
97 142
650 71
5 226
831 785
754 996
817 621
870 622
940 13
735 862
567 749
987 895
365 493
499 415
679 726
442 845
496 679
428 701
406 289
821 424
807 385
160 102
36 470
293 341
994 42
757 54
314 103
742 500
316 661
63 534
89 801
848 749
484 539
239 350
730 831
7 167
182 75
255 183
533 919
527 338
771 525
36 511
618 965
90 743
173 522
377 410
941 905
722 901
454 709
485 230
561 186
34 154
958 93
352 56
407 95
818 815
207 467
931 592
179 944
426 132
351 258
895 116
66 974
960 393
254 660
363 132
515 120
527 183
648 128
390 675
99 834
283 893
844 415
259 314
66 779
566 758
390 315
655 660
947 799
166 809
879 889
227 407
603 647
190 586
877 410
561 663
819 991
957 164
23 933
83 851
926 543
572 606
756 294
272 597
338 626
32 803
564 317
674 313
354 201
585 511
92 518
744 985
506 655
714 775
385 705
380 822
370 361
215 499
311 472
933 194
69 79
210 804
637 871
761 239
566 662
59 615
884 131
369 292
816 386
177 94
546 409
652 34
295 807
878 890
118 963
342 167
117 361
356 614
453 121
14 838
230 475
556 350
765 786
703 522
948 728
138 591
656 792
769 313
53 171
132 317
777 214
280 115
729 646
6 114
664 464
524 471
881 556
503 785
984 943
504 606
405 159
102 635
831 318
221 960
821 505
689 424
6 604
815 999
292 96
176 485
456 130
533 667
895 698
352 529
269 786
756 715
490 664
997 275
630 845
895 1000
663 883
876 4
308 671
653 682
34 214
296 349
995 587
878 236
972 871
269 442
269 890
165 251
81 487
589 959
789 299
360 562
841 555
269 721
239 758
627 176
10 537
936 959
490 146
173 815
354 436
639 498
513 748
324 607
17 356
878 140
496 972
991 286
223 910
118 318
73 31
938 628
596 471
11 433
194 165
585 985
416 360
709 460
831 302
222 965
52 164
748 929
73 243
492 99
639 297
94 784
795 55
24 970
41 553
208 421
771 687
608 330
542 890
512 202
991 545
188 637
41 195
169 651
330 521
98 243
477 349
436 336
846 666
932 762
822 960
293 884
919 188
160 952
859 608
39 904
625 11
403 86
712 298
991 733
169 28
388 797
329 805
820 279
627 12
848 11
958 130
269 726
588 592
352 464
23 932
341 119
889 460
336 243
593 982
952 157
236 993
105 789
476 175
718 689
917 119
826 649
348 632
495 587
293 32
592 64
330 22
871 428
914 319
859 880
728 980
904 732
784 771
322 982
108 623
456 579
898 464
776 676
646 911
86 412
842 463
959 272
23 383
243 213
722 429
725 612
517 252
687 909
937 104
780 14
913 146
782 424
437 92
548 131
781 592
778 614
539 938
487 61
409 931
795 313
142 734
992 291
573 29
55 391
21 502
467 110
883 471
243 619
696 223
740 856
868 834
747 261
295 420
787 66
795 532
295 487
480 573
768 48
684 670
202 141
473 21
926 306
557 262
724 104
468 121
578 569
849 960
673 429
953 79
741 506
510 278
682 149
235 290
975 302
489 999
324 887
532 598
295 239
383 865
230 650
296 897
320 821
503 314
446 530
937 244
279 1
592 71
467 159
51 280
967 826
472 744
633 196
821 572
149 386
33 566
188 954
478 654
974 885
714 306
703 464
962 793
198 612
480 179
353 246
425 229
373 691
52 935
889 693
100 606
845 941
127 339
560 357
316 418
792 759
618 546
699 353
120 157
284 870
681 908
1000 281
361 786
354 196
539 609
717 350
439 838
59 690
778 568
434 192
508 353
526 714
115 895
671 44
107 115
484 255
348 810
46 292
474 943
16 629
865 798
319 782
427 444
447 771
907 243
894 719
33 265
729 56
399 595
460 466
56 815
295 951
682 375
459 723
244 383
877 400
483 591
751 269
975 632
29 383
700 41
994 397
997 853
748 455
321 707
415 146
224 179
707 540
929 856
545 197
124 399
446 540
21 638
674 652
361 85
357 452
971 431
240 879
466 125
186 269
320 399
621 552
934 503
659 153
355 642
103 485
742 639
248 918
361 289
248 575
214 563
126 759
78 867
745 691
375 315
992 320
970 604
924 386
885 77
383 564
725 783
346 802
829 280
583 166
279 11
662 781
292 822
283 624
711 93
244 984
690 460
876 256
655 198
506 465
445 770
383 49
731 291
689 418
582 950
591 779
89 233
311 414
1 45
49 544
721 391
786 70
739 182
572 48
575 877
898 940
707 710
274 155
493 45
174 344
957 869
303 482
585 521
502 658
875 944
241 835
768 877
341 674
912 974
982 447
348 74
458 808
110 236
123 6
729 953
392 969
124 653
391 841
736 456
229 304
565 871
97 24
986 648
166 96
930 308
481 770
715 957
855 59
532 558
687 870
381 943
770 972
515 955
960 386
185 493
459 423
270 431
38 656
992 203
946 11
894 160
434 556
50 722
410 521
868 93
911 635
419 486
983 216
108 272
77 512
495 662
38 806
579 392
15 761
866 113
957 952
736 766
413 795
143 55
124 188
208 374
103 69
877 138
518 150
382 629
151 160
886 805
739 103
639 556
842 349
196 622
234 516
481 414
600 781
934 106
607 664
864 594
795 973
852 966
983 780
792 346
404 943
84 738
770 434
103 673
253 152
319 964
276 206
161 347
71 450
441 55
179 746
432 232
164 829
586 664
567 818
878 269
871 814
622 616
226 2
404 690
836 649
68 610
198 329
423 643
208 915
491 132
374 779
139 239
523 92
622 939
110 365
699 215
399 921
140 240
608 77
164 352
357 994
977 677
328 297
105 694
688 842
676 737
330 360
638 284
694 266
491 977
44 57
487 417
19 63
767 439
241 764
54 105
316 290
100 418
314 521
156 418
794 509
712 38
590 311
401 40
683 69
710 672
716 445
375 560
323 617
214 201
754 69
667 786
750 673
518 453
635 261
147 72
548 692
61 755
553 367
65 964
47 217
811 838
242 328
247 55
619 853
824 978
266 537
926 381
101 481
380 156
489 741
598 878
376 675
213 880
642 532
630 408
682 535
863 141
335 67
919 815
187 564
106 372
549 488
424 782
65 898
423 257
851 303
140 759
579 949
68 984
337 856
341 236
563 384
465 259
976 110
253 628
384 372
985 460
108 525
284 399
1000 535
563 724
556 719
288 543
162 177
394 77
302 981
454 978
807 941
952 653
958 444
841 103
230 686
756 663
345 45
822 401
73 963
758 377
407 610
676 218
481 281
796 983
975 97
175 223
87 511
861 348
479 589
802 10
419 826
541 326
243 875
77 20
531 755
674 812
690 576
624 712
599 450
473 260
616 268
850 500
461 378
480 204
206 419
880 489
657 114
23 503
170 22
756 536
278 828
31 915
199 168
263 895
123 268
766 155
819 959
689 739
299 678
585 22
795 677
758 237
801 22
446 809
587 204
915 189
370 990
95 802
741 577
489 540
897 538
690 412
608 685
392 173
250 527
62 715
572 196
409 456
216 270
797 505
443 598
621 685
70 281
128 83
948 54
321 113
996 32
521 521
836 615
620 550
501 995
445 770
265 406
347 135
722 365
383 246
732 493
833 787
714 463
950 864
934 161
50 858
480 813
106 69
613 891
555 296
665 37
571 60
19 759
551 180
552 938
981 745
94 543
229 618
588 800
302 967
809 994
687 428
921 157
417 502
45 684
905 768
724 198
731 154
192 510
712 695
265 665
970 644
34 875
436 136
636 644
309 64
379 340
432 374
234 401
383 232
696 442
729 384
686 4
898 685
252 785
537 572
638 696
447 844
997 633
812 319
758 756
672 451
700 419
47 620
910 628
656 851
420 881
429 336
417 386
102 436
188 282
454 994
104 410
807 798
839 237
569 858
64 78
159 995
465 398
521 734
888 461
184 901
338 149
371 100
936 345
421 535
584 321
266 445
924 121
443 632
73 994
357 634
166 17
675 11
847 91
847 572
428 927
590 563
388 905
207 256
251 58
502 163
382 882
384 335
973 376
425 196
259 135
77 289
874 746
819 367
448 482
658 161
407 89
935 871
687 457
781 456
738 535
221 287
502 70
324 710
60 636
602 66
768 929
360 780
503 503
352 512
322 775
348 679
260 466
146 743
827 393
703 607
612 660
146 532
163 501
384 36
356 284
826 802
980 288
637 995
771 157
822 531
175 874
351 498
